48
63
78
93
108
123
142
161
180
199
222
245
268
291
318
345
372
399
430
461
492
523
558
593
628
663
702
741
780
819
862
905
948
991
1038
1085
1132
1179
1230
1281
1332
1383
1438
1493
1548
1603
1662
1721
1780
1839
1902
1965
2028
2091
2158
2225
2292
2359
2430
2501
2572
2643
2718
2793
2868
2943
3022
3101
3180
3259
3342
3425
3508
3591
3678
3765
3852
3939
4030
4121
4212
4303
4398
4493
4588
4683
4782
4881
4980
5079
5182
5285
5388
5491
5598
5705
5812
5919
6030
6141
6252
6363
6478
6593
6708
6823
6942
7061
7180
7299
7422
7545
7668
7791
7918
8045
8172
8299
8430
8561
8692
8823
8958
9093
9228
9363
9502
9641
9780
9919
10062
10205
10348
10491
10638
10785
10932
11079
11230
11381
11532
11683
11838
11993
12148
12303
12462
12621
12780
12939
13102
13265
13428
13591
13758
13925
14092
14259
14430
14601
14772
14943
15118
15293
15468
15643
15822
16001
16180
16359
16542
16725
16908
17091
17278
17465
17652
17839
18030
18221
18412
18603
18798
18993
19188
19383
19582
19781
19980
20179
20382
20585
20788
20991
21198
21405
21612
21819
22030
22241
22452
22663
22878
23093
23308
23523
23742
23961
24180
24399
24622
24845
25068
25291
25518
25745
25972
26199
26430
26661
26892
27123
27358
27593
27828
28063
28302
28541
28780
29019
29262
29505
29748
29991
30238
30485
30732
30979
31230
31481
31732
31983
32238
32493
32748
33003
33262
33521
33780
34039
34302
34565
34828
35091
35358
35625
35892
36159
36430
36701
36972
37243
37518
37793
38068
38343
38622
38901
39180
39459
39742
40025
40308
40591
40878
41165
41452
41739
42030
42321
42612
42903
43198
43493
43788
44083
44382
44681
44980
45279
45582
45885
46188
46491
46798
47105
47412
47719
48030
48341
48652
48963
49278
49593
49908
50223
50542
50861
51180
51499
51822
52145
52468
52791
53118
53445
53772
54099
54430
54761
55092
55423
55758
56093
56428
56763
57102
57441
57780
58119
58462
58805
59148
59491
59838
60185
60532
60879
61230
61581
61932
62283
62638
62993
63348
63703
64062
64421
64780
65139
65502
65865
66228
66591
66958
67325
67692
68059
68430
68801
69172
69543
69918
70293
70668
71043
71422
71801
72180
72559
72942
73325
73708
74091
74478
74865
75252
75639
76030
76421
76812
77203
77598
77993
78388
78783
79182
79581
79980
80379
80782
81185
81588
81991
82398
82805
83212
83619
84030
84441
84852
85263
85678
86093
86508
86923
87342
87761
88180
88599
89022
89445
89868
90291
90718
91145
91572
91999
92430
92861
93292
93723
94158
94593
95028
95463
95902
96341
96780
97219
97662
98105
98548
98991
99438
99885
100332
100779
101230
101681
102132
102583
103038
103493
103948
104403
104862
105321
105780
106239
106702
107165
107628
108091
108558
109025
109492
109959
110430
110901
111372
111843
112318
112793
113268
113743
114222
114701
115180
115659
116142
116625
117108
117591
118078
118565
119052
119539
120030
120521
121012
121503
121998
122493
122988
123483
123982
124481
124980
125479
125982
126485
126988
127491
127998
128505
129012
129519
130030
130541
131052
131563
132078
132593
133108
133623
134142
134661
135180
135699
136222
136745
137268
137791
138318
138845
139372
139899
140430
140961
141492
142023
142558
143093
143628
144163
144702
145241
145780
146319
146862
147405
147948
148491
149038
149585
150132
150679
151230
151781
152332
152883
153438
153993
154548
155103
155662
156221
156780
157339
157902
158465
159028
159591
160158
160725
161292
161859
162430
163001
163572
164143
164718
165293
165868
166443
167022
167601
168180
168759
169342
169925
170508
171091
171678
172265
172852
173439
174030
174621
175212
175803
176398
176993
177588
178183
178782
179381
179980
180579
181182
181785
182388
182991
183598
184205
184812
185419
186030
186641
187252
187863
188478
189093
189708
190323
190942
191561
192180
192799
193422
194045
194668
195291
195918
196545
197172
197799
198430
199061
199692
200323
200958
201593
202228
202863
203502
204141
204780
205419
206062
206705
207348
207991
208638
209285
209932
210579
211230
211881
212532
213183
213838
214493
215148
215803
216462
217121
217780
218439
219102
219765
220428
221091
221758
222425
223092
223759
224430
225101
225772
226443
227118
227793
228468
229143
229822
230501
231180
231859
232542
233225
233908
234591
235278
235965
236652
237339
238030
238721
239412
240103
240798
241493
242188
242883
243582
244281
244980
245679
246382
247085
247788
248491
249198
249905
250612
251319
252030
252741
253452
254163
254878
255593
256308
257023
257742
258461
259180
259899
260622
261345
262068
262791
263518
264245
264972
265699
266430
267161
267892
268623
269358
270093
270828
271563
272302
273041
273780
274519
275262
276005
276748
277491
278238
278985
279732
280479
281230
281981
282732
283483
284238
284993
285748
286503
287262
288021
288780
289539
290302
291065
291828
292591
293358
294125
294892
295659
296430
297201
297972
298743
299518
300293
301068
301843
302622
303401
304180
304959
305742
306525
307308
308091
308878
309665
310452
311239
312030
312821
313612
314403
315198
315993
316788
317583
318382
319181
319980
320779
321582
322385
323188
323991
324798
325605
326412
327219
328030
328841
329652
330463
331278
332093
332908
333723
334542
335361
336180
336999
337822
338645
339468
340291
341118
341945
342772
343599
344430
345261
346092
346923
347758
348593
349428
350263
351102
351941
352780
353619
354462
355305
356148
356991
357838
358685
359532
360379
361230
362081
362932
363783
364638
365493
366348
367203
368062
368921
369780
370639
371502
372365
373228
374091
374958
375825
376692
377559
378430
379301
380172
381043
381918
382793
383668
384543
385422
386301
387180
388059
388942
389825
390708
391591
392478
393365
394252
395139
396030
396921
397812
398703
399598
400493
401388
402283
403182
404081
404980
405879
406782
407685
408588
409491
410398
411305
412212
413119
414030
414941
415852
416763
417678
418593
419508
420423
421342
422261
423180
424099
425022
425945
426868
427791
428718
429645
430572
431499
432430
433361
434292
435223
436158
437093
438028
438963
439902
440841
441780
442719
443662
444605
445548
446491
447438
448385
449332
450279
451230
452181
453132
454083
455038
455993
456948
457903
458862
459821
460780
461739
462702
463665
464628
465591
466558
467525
468492
469459
470430
471401
472372
473343
474318
475293
476268
477243
478222
479201
480180
481159
482142
483125
484108
485091
486078
487065
488052
489039
490030
491021
492012
493003
493998
494993
495988
496983
497982
498981
499980
500979
501982
502985
503988
504991
505998
507005
508012
509019
510030
511041
512052
